/////////////////////20
[225.386,184.73,521.92,622.55,751.549,562.258,650.793,372.5,289.869,188.385,
Run time error: 1
Mean:436.994
SD:210.29507

//////////////////35
101.299,109.789,238.493,99.195,86.531,281.682,241.995,468.975,79.936,122.722,78.037,120.574,186.385,268.142,91.809,163.655,85.305,173.051,88.883
Run time error: 0
Mean:162.44516
SD:100.56464

//////50
Run Time Error:1
[154.621,597.88,148.56,52.374,62.27,99.519,80.861,77.974,70.878,80.573,120.473,88.78,229.827,70.092,168.927,302.987,148.463,97.42,57.376,106.271
Mean:140.8063
SD:124.42554

//////100
44.514,66.574,75.086,211.576,118.728,64.108,53.692,46.861,57.973,158.773,82.451,55.356,73.607,135.7,
Mean:89.7885
SD:55.82796

//////125
36.634,57.142,42.79,91.846,66.097,104.053,52.439,49.156,55.442,41.897,55.073,55.199,44.192,52.714,45.475,32.235,57.138,48.669,55.865,43.515
Mean:54.37855
SD:17.00028

////150
51.486,48.872,57.625,58.887,36.838,34.991,36.376,39.694,49.369,72.697,41.519,75.019,99.557,82.05,50.742,58.934,38.317,38.491,46.663,54.465
Mean:53.6296
SD:17.23578
